    0.0000  -17.2019
    0.0236  -17.2009
    0.0471  -17.1978
    0.0707  -17.1927
    0.0943  -17.1855
    0.1179  -17.1763
    0.1414  -17.1651
    0.1650  -17.1519
    0.1886  -17.1367
    0.2121  -17.1195
    0.2357  -17.1004
    0.2593  -17.0794
    0.2828  -17.0566
    0.3064  -17.0319
    0.3300  -17.0056
    0.3536  -16.9776
    0.3771  -16.9480
    0.4007  -16.9171
    0.4243  -16.8850
    0.4478  -16.8520
    0.4714  -16.8185
    0.4900  -16.8272
    0.5087  -16.8349
    0.5273  -16.8413
    0.5459  -16.8465
    0.5646  -16.8505
    0.5832  -16.8533
    0.6018  -16.8549
    0.6205  -16.8553
    0.6391  -16.8545
    0.6577  -16.8524
    0.6764  -16.8492
    0.6950  -16.8447
    0.7136  -16.8391
    0.7323  -16.8324
    0.7509  -16.8246
    0.7695  -16.8156
    0.7882  -16.8057
    0.8068  -16.7947
    0.8254  -16.7829
    0.8441  -16.7703
    0.8691  -16.8087
    0.8941  -16.8461
    0.9191  -16.8823
    0.9441  -16.9170
    0.9691  -16.9501
    0.9941  -16.9815
    1.0191  -17.0111
    1.0441  -17.0387
    1.0691  -17.0643
    1.0941  -17.0879
    1.1191  -17.1093
    1.1441  -17.1286
    1.1691  -17.1457
    1.1941  -17.1605
    1.2191  -17.1731
    1.2441  -17.1835
    1.2691  -17.1915
    1.2941  -17.1973
    1.3191  -17.2007
    1.3441  -17.2019
 
    0.0000  -15.4219
    0.0236  -15.4261
    0.0471  -15.4386
    0.0707  -15.4588
    0.0943  -15.4861
    0.1179  -15.5195
    0.1414  -15.5579
    0.1650  -15.6007
    0.1886  -15.6468
    0.2121  -15.6955
    0.2357  -15.7461
    0.2593  -15.7980
    0.2828  -15.8509
    0.3064  -15.9041
    0.3300  -15.9573
    0.3536  -16.0101
    0.3771  -16.0623
    0.4007  -16.1136
    0.4243  -16.1635
    0.4478  -16.2116
    0.4714  -16.2576
    0.4900  -16.2542
    0.5087  -16.2513
    0.5273  -16.2487
    0.5459  -16.2463
    0.5646  -16.2440
    0.5832  -16.2417
    0.6018  -16.2394
    0.6205  -16.2371
    0.6391  -16.2349
    0.6577  -16.2328
    0.6764  -16.2309
    0.6950  -16.2295
    0.7136  -16.2287
    0.7323  -16.2290
    0.7509  -16.2306
    0.7695  -16.2338
    0.7882  -16.2392
    0.8068  -16.2470
    0.8254  -16.2575
    0.8441  -16.2709
    0.8691  -16.2260
    0.8941  -16.1794
    0.9191  -16.1313
    0.9441  -16.0818
    0.9691  -16.0311
    0.9941  -15.9794
    1.0191  -15.9269
    1.0441  -15.8739
    1.0691  -15.8208
    1.0941  -15.7679
    1.1191  -15.7159
    1.1441  -15.6652
    1.1691  -15.6167
    1.1941  -15.5711
    1.2191  -15.5296
    1.2441  -15.4932
    1.2691  -15.4632
    1.2941  -15.4406
    1.3191  -15.4266
    1.3441  -15.4219
 
    0.0000  -15.4219
    0.0236  -15.4230
    0.0471  -15.4265
    0.0707  -15.4322
    0.0943  -15.4401
    0.1179  -15.4499
    0.1414  -15.4617
    0.1650  -15.4751
    0.1886  -15.4900
    0.2121  -15.5062
    0.2357  -15.5234
    0.2593  -15.5415
    0.2828  -15.5603
    0.3064  -15.5794
    0.3300  -15.5988
    0.3536  -15.6182
    0.3771  -15.6374
    0.4007  -15.6562
    0.4243  -15.6744
    0.4478  -15.6920
    0.4714  -15.7087
    0.4900  -15.6862
    0.5087  -15.6658
    0.5273  -15.6481
    0.5459  -15.6339
    0.5646  -15.6238
    0.5832  -15.6183
    0.6018  -15.6177
    0.6205  -15.6219
    0.6391  -15.6306
    0.6577  -15.6436
    0.6764  -15.6600
    0.6950  -15.6791
    0.7136  -15.7001
    0.7323  -15.7221
    0.7509  -15.7442
    0.7695  -15.7654
    0.7882  -15.7849
    0.8068  -15.8018
    0.8254  -15.8157
    0.8441  -15.8260
    0.8691  -15.7998
    0.8941  -15.7723
    0.9191  -15.7439
    0.9441  -15.7149
    0.9691  -15.6856
    0.9941  -15.6566
    1.0191  -15.6280
    1.0441  -15.6004
    1.0691  -15.5739
    1.0941  -15.5489
    1.1191  -15.5257
    1.1441  -15.5045
    1.1691  -15.4854
    1.1941  -15.4687
    1.2191  -15.4545
    1.2441  -15.4428
    1.2691  -15.4337
    1.2941  -15.4271
    1.3191  -15.4232
    1.3441  -15.4219
 
    0.0000  -14.1228
    0.0236  -14.1192
    0.0471  -14.1086
    0.0707  -14.0916
    0.0943  -14.0694
    0.1179  -14.0438
    0.1414  -14.0178
    0.1650  -13.9978
    0.1886  -13.9918
    0.2121  -14.0001
    0.2357  -14.0152
    0.2593  -14.0318
    0.2828  -14.0476
    0.3064  -14.0617
    0.3300  -14.0735
    0.3536  -14.0828
    0.3771  -14.0896
    0.4007  -14.0937
    0.4243  -14.0952
    0.4478  -14.0941
    0.4714  -14.0905
    0.4900  -14.1297
    0.5087  -14.1640
    0.5273  -14.1927
    0.5459  -14.2150
    0.5646  -14.2302
    0.5832  -14.2378
    0.6018  -14.2377
    0.6205  -14.2299
    0.6391  -14.2145
    0.6577  -14.1920
    0.6764  -14.1631
    0.6950  -14.1286
    0.7136  -14.0895
    0.7323  -14.0467
    0.7509  -14.0016
    0.7695  -13.9560
    0.7882  -13.9121
    0.8068  -13.8731
    0.8254  -13.8432
    0.8441  -13.8263
    0.8691  -13.8538
    0.8941  -13.8787
    0.9191  -13.9004
    0.9441  -13.9187
    0.9691  -13.9332
    0.9941  -13.9436
    1.0191  -13.9496
    1.0441  -13.9511
    1.0691  -13.9480
    1.0941  -13.9401
    1.1191  -13.9274
    1.1441  -13.9249
    1.1691  -13.9630
    1.1941  -13.9992
    1.2191  -14.0328
    1.2441  -14.0628
    1.2691  -14.0878
    1.2941  -14.1069
    1.3191  -14.1188
    1.3441  -14.1228
 
    0.0000  -13.7269
    0.0236  -13.7327
    0.0471  -13.7487
    0.0707  -13.7718
    0.0943  -13.7983
    0.1179  -13.8245
    0.1414  -13.8463
    0.1650  -13.8570
    0.1886  -13.8482
    0.2121  -13.8200
    0.2357  -13.7797
    0.2593  -13.7327
    0.2828  -13.6815
    0.3064  -13.6271
    0.3300  -13.5702
    0.3536  -13.5113
    0.3771  -13.4504
    0.4007  -13.3878
    0.4243  -13.3238
    0.4478  -13.2585
    0.4714  -13.1924
    0.4900  -13.1608
    0.5087  -13.1312
    0.5273  -13.1051
    0.5459  -13.0841
    0.5646  -13.0701
    0.5832  -13.0643
    0.6018  -13.0679
    0.6205  -13.0807
    0.6391  -13.1018
    0.6577  -13.1298
    0.6764  -13.1629
    0.6950  -13.1994
    0.7136  -13.2378
    0.7323  -13.2765
    0.7509  -13.3140
    0.7695  -13.3485
    0.7882  -13.3778
    0.8068  -13.3987
    0.8254  -13.4072
    0.8441  -13.3995
    0.8691  -13.4487
    0.8941  -13.4967
    0.9191  -13.5435
    0.9441  -13.5892
    0.9691  -13.6338
    0.9941  -13.6776
    1.0191  -13.7205
    1.0441  -13.7628
    1.0691  -13.8044
    1.0941  -13.8453
    1.1191  -13.8856
    1.1441  -13.9102
    1.1691  -13.8887
    1.1941  -13.8634
    1.2191  -13.8353
    1.2441  -13.8057
    1.2691  -13.7766
    1.2941  -13.7512
    1.3191  -13.7334
    1.3441  -13.7269
 
    0.0000  -13.2067
    0.0236  -13.2030
    0.0471  -13.1920
    0.0707  -13.1736
    0.0943  -13.1482
    0.1179  -13.1159
    0.1414  -13.0770
    0.1650  -13.0319
    0.1886  -12.9808
    0.2121  -12.9243
    0.2357  -12.8628
    0.2593  -12.7966
    0.2828  -12.7264
    0.3064  -12.6527
    0.3300  -12.5762
    0.3536  -12.4977
    0.3771  -12.4184
    0.4007  -12.3409
    0.4243  -12.2709
    0.4478  -12.2264
    0.4714  -12.2416
    0.4900  -12.2361
    0.5087  -12.2480
    0.5273  -12.2702
    0.5459  -12.2943
    0.5646  -12.3143
    0.5832  -12.3267
    0.6018  -12.3297
    0.6205  -12.3231
    0.6391  -12.3077
    0.6577  -12.2860
    0.6764  -12.2611
    0.6950  -12.2379
    0.7136  -12.2230
    0.7323  -12.2222
    0.7509  -12.2358
    0.7695  -12.2598
    0.7882  -12.2898
    0.8068  -12.3231
    0.8254  -12.3584
    0.8441  -12.3946
    0.8691  -12.2882
    0.8941  -12.1942
    0.9191  -12.1282
    0.9441  -12.2088
    0.9691  -12.3181
    0.9941  -12.4233
    1.0191  -12.5239
    1.0441  -12.6195
    1.0691  -12.7094
    1.0941  -12.7931
    1.1191  -12.8700
    1.1441  -12.9398
    1.1691  -13.0020
    1.1941  -13.0562
    1.2191  -13.1022
    1.2441  -13.1399
    1.2691  -13.1692
    1.2941  -13.1901
    1.3191  -13.2026
    1.3441  -13.2067
 
    0.0000  -13.2067
    0.0236  -13.1970
    0.0471  -13.1691
    0.0707  -13.1261
    0.0943  -13.0713
    0.1179  -13.0074
    0.1414  -12.9364
    0.1650  -12.8596
    0.1886  -12.7781
    0.2121  -12.6927
    0.2357  -12.6041
    0.2593  -12.5129
    0.2828  -12.4199
    0.3064  -12.3260
    0.3300  -12.2326
    0.3536  -12.1421
    0.3771  -12.0598
    0.4007  -11.9979
    0.4243  -11.9776
    0.4478  -11.9909
    0.4714  -11.9775
    0.4900  -11.9931
    0.5087  -11.9887
    0.5273  -11.9709
    0.5459  -11.9477
    0.5646  -11.9258
    0.5832  -11.9102
    0.6018  -11.9054
    0.6205  -11.9125
    0.6391  -11.9286
    0.6577  -11.9493
    0.6764  -11.9702
    0.6950  -11.9863
    0.7136  -11.9916
    0.7323  -11.9808
    0.7509  -11.9542
    0.7695  -11.9168
    0.7882  -11.8736
    0.8068  -11.8282
    0.8254  -11.7833
    0.8441  -11.7409
    0.8691  -11.8615
    0.8941  -11.9800
    0.9191  -12.0959
    0.9441  -12.1112
    0.9691  -12.1455
    0.9941  -12.2120
    1.0191  -12.2939
    1.0441  -12.3827
    1.0691  -12.4742
    1.0941  -12.5661
    1.1191  -12.6569
    1.1441  -12.7455
    1.1691  -12.8310
    1.1941  -12.9123
    1.2191  -12.9883
    1.2441  -13.0574
    1.2691  -13.1172
    1.2941  -13.1647
    1.3191  -13.1958
    1.3441  -13.2067
 
    0.0000   -9.7404
    0.0236   -9.7756
    0.0471   -9.8598
    0.0707   -9.9665
    0.0943  -10.0836
    0.1179  -10.2059
    0.1414  -10.3312
    0.1650  -10.4581
    0.1886  -10.5857
    0.2121  -10.7133
    0.2357  -10.8405
    0.2593  -10.9667
    0.2828  -11.0914
    0.3064  -11.2137
    0.3300  -11.3323
    0.3536  -11.4448
    0.3771  -11.5458
    0.4007  -11.6219
    0.4243  -11.6473
    0.4478  -11.6145
    0.4714  -11.5520
    0.4900  -11.5815
    0.5087  -11.6103
    0.5273  -11.6378
    0.5459  -11.6631
    0.5646  -11.6843
    0.5832  -11.6984
    0.6018  -11.7022
    0.6205  -11.6950
    0.6391  -11.6794
    0.6577  -11.6592
    0.6764  -11.6370
    0.6950  -11.6141
    0.7136  -11.5914
    0.7323  -11.5690
    0.7509  -11.5469
    0.7695  -11.5248
    0.7882  -11.5023
    0.8068  -11.4789
    0.8254  -11.4541
    0.8441  -11.4275
    0.8691  -11.5074
    0.8941  -11.5745
    0.9191  -11.6124
    0.9441  -11.6001
    0.9691  -11.5348
    0.9941  -11.4355
    1.0191  -11.3185
    1.0441  -11.1923
    1.0691  -11.0609
    1.0941  -10.9265
    1.1191  -10.7902
    1.1441  -10.6532
    1.1691  -10.5161
    1.1941  -10.3797
    1.2191  -10.2451
    1.2441  -10.1135
    1.2691   -9.9874
    1.2941   -9.8719
    1.3191   -9.7796
    1.3441   -9.7404
 
    0.0000   -9.3598
    0.0236   -9.3671
    0.0471   -9.3884
    0.0707   -9.4222
    0.0943   -9.4667
    0.1179   -9.5200
    0.1414   -9.5805
    0.1650   -9.6468
    0.1886   -9.7175
    0.2121   -9.7918
    0.2357   -9.8685
    0.2593   -9.9468
    0.2828  -10.0261
    0.3064  -10.1055
    0.3300  -10.1843
    0.3536  -10.2619
    0.3771  -10.3376
    0.4007  -10.4103
    0.4243  -10.4791
    0.4478  -10.5425
    0.4714  -10.5990
    0.4900  -10.6155
    0.5087  -10.6302
    0.5273  -10.6424
    0.5459  -10.6517
    0.5646  -10.6575
    0.5832  -10.6595
    0.6018  -10.6574
    0.6205  -10.6511
    0.6391  -10.6405
    0.6577  -10.6260
    0.6764  -10.6077
    0.6950  -10.5861
    0.7136  -10.5619
    0.7323  -10.5360
    0.7509  -10.5093
    0.7695  -10.4832
    0.7882  -10.4598
    0.8068  -10.4417
    0.8254  -10.4338
    0.8441  -10.4428
    0.8691  -10.3833
    0.8941  -10.3234
    0.9191  -10.2629
    0.9441  -10.2020
    0.9691  -10.1405
    0.9941  -10.0786
    1.0191  -10.0161
    1.0441   -9.9533
    1.0691   -9.8903
    1.0941   -9.8271
    1.1191   -9.7641
    1.1441   -9.7016
    1.1691   -9.6403
    1.1941   -9.5809
    1.2191   -9.5244
    1.2441   -9.4725
    1.2691   -9.4272
    1.2941   -9.3913
    1.3191   -9.3679
    1.3441   -9.3598
 
    0.0000   -9.3598
    0.0236   -9.3317
    0.0471   -9.2699
    0.0707   -9.2042
    0.0943   -9.1512
    0.1179   -9.1189
    0.1414   -9.1085
    0.1650   -9.1165
    0.1886   -9.1383
    0.2121   -9.1701
    0.2357   -9.2099
    0.2593   -9.2566
    0.2828   -9.3103
    0.3064   -9.3713
    0.3300   -9.4398
    0.3536   -9.5161
    0.3771   -9.5997
    0.4007   -9.6896
    0.4243   -9.7843
    0.4478   -9.8819
    0.4714   -9.9802
    0.4900   -9.9474
    0.5087   -9.9202
    0.5273   -9.8980
    0.5459   -9.8804
    0.5646   -9.8669
    0.5832   -9.8575
    0.6018   -9.8520
    0.6205   -9.8505
    0.6391   -9.8533
    0.6577   -9.8611
    0.6764   -9.8744
    0.6950   -9.8941
    0.7136   -9.9207
    0.7323   -9.9547
    0.7509   -9.9961
    0.7695  -10.0441
    0.7882  -10.0970
    0.8068  -10.1518
    0.8254  -10.2037
    0.8441  -10.2451
    0.8691  -10.1450
    0.8941  -10.0476
    0.9191   -9.9531
    0.9441   -9.8617
    0.9691   -9.7734
    0.9941   -9.6881
    1.0191   -9.6059
    1.0441   -9.5266
    1.0691   -9.4505
    1.0941   -9.3780
    1.1191   -9.3102
    1.1441   -9.2486
    1.1691   -9.1962
    1.1941   -9.1579
    1.2191   -9.1409
    1.2441   -9.1532
    1.2691   -9.1969
    1.2941   -9.2624
    1.3191   -9.3286
    1.3441   -9.3598
 
    0.0000   -8.6526
    0.0236   -8.6531
    0.0471   -8.6539
    0.0707   -8.6520
    0.0943   -8.6443
    0.1179   -8.6291
    0.1414   -8.6079
    0.1650   -8.5846
    0.1886   -8.5641
    0.2121   -8.5513
    0.2357   -8.5519
    0.2593   -8.5708
    0.2828   -8.6084
    0.3064   -8.6592
    0.3300   -8.7156
    0.3536   -8.7715
    0.3771   -8.8235
    0.4007   -8.8702
    0.4243   -8.9113
    0.4478   -8.9473
    0.4714   -8.9788
    0.4900   -8.9212
    0.5087   -8.8621
    0.5273   -8.8045
    0.5459   -8.7526
    0.5646   -8.7121
    0.5832   -8.6889
    0.6018   -8.6878
    0.6205   -8.7088
    0.6391   -8.7477
    0.6577   -8.7979
    0.6764   -8.8535
    0.6950   -8.9100
    0.7136   -8.9639
    0.7323   -9.0130
    0.7509   -9.0560
    0.7695   -9.0926
    0.7882   -9.1230
    0.8068   -9.1480
    0.8254   -9.1688
    0.8441   -9.1859
    0.8691   -9.1346
    0.8941   -9.0733
    0.9191   -9.0026
    0.9441   -8.9238
    0.9691   -8.8377
    0.9941   -8.7457
    1.0191   -8.6497
    1.0441   -8.5521
    1.0691   -8.4572
    1.0941   -8.3743
    1.1191   -8.3558
    1.1441   -8.3843
    1.1691   -8.4209
    1.1941   -8.4896
    1.2191   -8.5622
    1.2441   -8.6147
    1.2691   -8.6428
    1.2941   -8.6523
    1.3191   -8.6531
    1.3441   -8.6526
 
    0.0000   -8.6526
    0.0236   -8.6457
    0.0471   -8.6253
    0.0707   -8.5914
    0.0943   -8.5438
    0.1179   -8.4826
    0.1414   -8.4093
    0.1650   -8.3288
    0.1886   -8.2505
    0.2121   -8.1962
    0.2357   -8.1919
    0.2593   -8.2160
    0.2828   -8.2390
    0.3064   -8.2558
    0.3300   -8.2704
    0.3536   -8.2874
    0.3771   -8.3093
    0.4007   -8.3373
    0.4243   -8.3709
    0.4478   -8.4090
    0.4714   -8.4501
    0.4900   -8.3835
    0.5087   -8.3234
    0.5273   -8.2738
    0.5459   -8.2385
    0.5646   -8.2188
    0.5832   -8.2114
    0.6018   -8.2117
    0.6205   -8.2189
    0.6391   -8.2364
    0.6577   -8.2678
    0.6764   -8.3126
    0.6950   -8.3679
    0.7136   -8.4295
    0.7323   -8.4939
    0.7509   -8.5583
    0.7695   -8.6199
    0.7882   -8.6766
    0.8068   -8.7263
    0.8254   -8.7671
    0.8441   -8.7977
    0.8691   -8.7223
    0.8941   -8.6481
    0.9191   -8.5770
    0.9441   -8.5109
    0.9691   -8.4522
    0.9941   -8.4031
    1.0191   -8.3658
    1.0441   -8.3421
    1.0691   -8.3330
    1.0941   -8.3380
    1.1191   -8.3265
    1.1441   -8.3433
    1.1691   -8.4096
    1.1941   -8.4627
    1.2191   -8.5070
    1.2441   -8.5508
    1.2691   -8.5907
    1.2941   -8.6234
    1.3191   -8.6450
    1.3441   -8.6526
 
    0.0000   -7.5841
    0.0236   -7.5879
    0.0471   -7.6008
    0.0707   -7.6261
    0.0943   -7.6667
    0.1179   -7.7224
    0.1414   -7.7893
    0.1650   -7.8603
    0.1886   -7.9240
    0.2121   -7.9563
    0.2357   -7.9276
    0.2593   -7.8567
    0.2828   -7.7744
    0.3064   -7.6930
    0.3300   -7.6173
    0.3536   -7.5490
    0.3771   -7.4876
    0.4007   -7.4310
    0.4243   -7.3770
    0.4478   -7.3236
    0.4714   -7.2698
    0.4900   -7.3521
    0.5087   -7.4228
    0.5273   -7.4767
    0.5459   -7.5091
    0.5646   -7.5190
    0.5832   -7.5142
    0.6018   -7.5119
    0.6205   -7.5157
    0.6391   -7.5090
    0.6577   -7.4823
    0.6764   -7.4353
    0.6950   -7.3718
    0.7136   -7.2969
    0.7323   -7.2148
    0.7509   -7.1292
    0.7695   -7.0435
    0.7882   -6.9610
    0.8068   -6.8860
    0.8254   -6.8232
    0.8441   -6.7769
    0.8691   -6.8895
    0.8941   -7.0049
    0.9191   -7.1223
    0.9441   -7.2408
    0.9691   -7.3599
    0.9941   -7.4787
    1.0191   -7.5965
    1.0441   -7.7113
    1.0691   -7.8198
    1.0941   -7.9134
    1.1191   -7.9697
    1.1441   -7.9595
    1.1691   -7.8981
    1.1941   -7.8200
    1.2191   -7.7440
    1.2441   -7.6797
    1.2691   -7.6325
    1.2941   -7.6031
    1.3191   -7.5884
    1.3441   -7.5841
 
    0.0000   -6.7033
    0.0236   -6.7389
    0.0471   -6.7931
    0.0707   -6.8354
    0.0943   -6.8606
    0.1179   -6.8734
    0.1414   -6.8852
    0.1650   -6.9045
    0.1886   -6.9309
    0.2121   -6.9608
    0.2357   -6.9903
    0.2593   -7.0163
    0.2828   -7.0356
    0.3064   -7.0455
    0.3300   -7.0445
    0.3536   -7.0324
    0.3771   -7.0114
    0.4007   -6.9852
    0.4243   -6.9576
    0.4478   -6.9314
    0.4714   -6.9082
    0.4900   -6.9935
    0.5087   -7.0777
    0.5273   -7.1590
    0.5459   -7.2342
    0.5646   -7.2983
    0.5832   -7.3405
    0.6018   -7.3437
    0.6205   -7.3053
    0.6391   -7.2420
    0.6577   -7.1664
    0.6764   -7.0846
    0.6950   -7.0000
    0.7136   -6.9150
    0.7323   -6.8316
    0.7509   -6.7515
    0.7695   -6.6766
    0.7882   -6.6086
    0.8068   -6.5491
    0.8254   -6.4997
    0.8441   -6.4635
    0.8691   -6.5445
    0.8941   -6.6210
    0.9191   -6.6916
    0.9441   -6.7548
    0.9691   -6.8088
    0.9941   -6.8520
    1.0191   -6.8828
    1.0441   -6.9001
    1.0691   -6.9039
    1.0941   -6.8955
    1.1191   -6.8773
    1.1441   -6.8522
    1.1691   -6.8237
    1.1941   -6.8130
    1.2191   -6.8435
    1.2441   -6.8534
    1.2691   -6.8383
    1.2941   -6.7986
    1.3191   -6.7422
    1.3441   -6.7033
 
    0.0000   -6.7033
    0.0236   -6.7056
    0.0471   -6.7121
    0.0707   -6.7214
    0.0943   -6.7306
    0.1179   -6.7333
    0.1414   -6.7205
    0.1650   -6.6877
    0.1886   -6.6395
    0.2121   -6.5827
    0.2357   -6.5239
    0.2593   -6.4681
    0.2828   -6.4189
    0.3064   -6.3768
    0.3300   -6.3395
    0.3536   -6.3027
    0.3771   -6.2620
    0.4007   -6.2143
    0.4243   -6.1581
    0.4478   -6.0932
    0.4714   -6.0211
    0.4900   -6.0123
    0.5087   -6.0048
    0.5273   -5.9989
    0.5459   -5.9949
    0.5646   -5.9932
    0.5832   -5.9940
    0.6018   -5.9975
    0.6205   -6.0036
    0.6391   -6.0125
    0.6577   -6.0239
    0.6764   -6.0374
    0.6950   -6.0526
    0.7136   -6.0689
    0.7323   -6.0856
    0.7509   -6.1017
    0.7695   -6.1165
    0.7882   -6.1289
    0.8068   -6.1382
    0.8254   -6.1431
    0.8441   -6.1397
    0.8691   -6.1702
    0.8941   -6.2032
    0.9191   -6.2391
    0.9441   -6.2783
    0.9691   -6.3212
    0.9941   -6.3681
    1.0191   -6.4190
    1.0441   -6.4738
    1.0691   -6.5320
    1.0941   -6.5925
    1.1191   -6.6537
    1.1441   -6.7132
    1.1691   -6.7678
    1.1941   -6.7949
    1.2191   -6.7681
    1.2441   -6.7451
    1.2691   -6.7269
    1.2941   -6.7138
    1.3191   -6.7059
    1.3441   -6.7033
 
    0.0000   -6.5725
    0.0236   -6.5275
    0.0471   -6.4443
    0.0707   -6.3529
    0.0943   -6.2609
    0.1179   -6.1730
    0.1414   -6.0961
    0.1650   -6.0409
    0.1886   -6.0152
    0.2121   -6.0093
    0.2357   -6.0061
    0.2593   -5.9941
    0.2828   -5.9679
    0.3064   -5.9260
    0.3300   -5.8707
    0.3536   -5.8060
    0.3771   -5.7359
    0.4007   -5.6638
    0.4243   -5.5923
    0.4478   -5.5235
    0.4714   -5.4590
    0.4900   -5.4308
    0.5087   -5.4075
    0.5273   -5.3897
    0.5459   -5.3776
    0.5646   -5.3712
    0.5832   -5.3704
    0.6018   -5.3748
    0.6205   -5.3841
    0.6391   -5.3984
    0.6577   -5.4174
    0.6764   -5.4412
    0.6950   -5.4697
    0.7136   -5.5022
    0.7323   -5.5379
    0.7509   -5.5751
    0.7695   -5.6115
    0.7882   -5.6437
    0.8068   -5.6677
    0.8254   -5.6792
    0.8441   -5.6749
    0.8691   -5.7120
    0.8941   -5.7472
    0.9191   -5.7795
    0.9441   -5.8085
    0.9691   -5.8336
    0.9941   -5.8544
    1.0191   -5.8702
    1.0441   -5.8805
    1.0691   -5.8844
    1.0941   -5.8812
    1.1191   -5.8698
    1.1441   -5.8494
    1.1691   -5.9390
    1.1941   -6.0358
    1.2191   -6.1344
    1.2441   -6.2345
    1.2691   -6.3349
    1.2941   -6.4333
    1.3191   -6.5230
    1.3441   -6.5725
 
    0.0000   -5.4515
    0.0236   -5.4745
    0.0471   -5.5279
    0.0707   -5.5909
    0.0943   -5.6521
    0.1179   -5.7044
    0.1414   -5.7400
    0.1650   -5.7469
    0.1886   -5.7159
    0.2121   -5.6552
    0.2357   -5.5796
    0.2593   -5.4981
    0.2828   -5.4145
    0.3064   -5.3306
    0.3300   -5.2476
    0.3536   -5.1661
    0.3771   -5.0872
    0.4007   -5.0122
    0.4243   -4.9431
    0.4478   -4.8825
    0.4714   -4.8349
    0.4900   -4.8358
    0.5087   -4.8462
    0.5273   -4.8550
    0.5459   -4.8621
    0.5646   -4.8676
    0.5832   -4.8715
    0.6018   -4.8738
    0.6205   -4.8745
    0.6391   -4.8735
    0.6577   -4.8709
    0.6764   -4.8667
    0.6950   -4.8608
    0.7136   -4.8647
    0.7323   -4.8799
    0.7509   -4.8922
    0.7695   -4.9015
    0.7882   -4.9079
    0.8068   -4.9118
    0.8254   -4.9134
    0.8441   -4.9134
    0.8691   -4.9286
    0.8941   -4.9685
    0.9191   -5.0287
    0.9441   -5.1037
    0.9691   -5.1884
    0.9941   -5.2789
    1.0191   -5.3724
    1.0441   -5.4669
    1.0691   -5.5614
    1.0941   -5.6556
    1.1191   -5.7495
    1.1441   -5.8438
    1.1691   -5.8191
    1.1941   -5.7787
    1.2191   -5.7282
    1.2441   -5.6689
    1.2691   -5.6030
    1.2941   -5.5354
    1.3191   -5.4771
    1.3441   -5.4515
 
    0.0000   -5.3451
    0.0236   -5.3438
    0.0471   -5.3397
    0.0707   -5.3329
    0.0943   -5.3234
    0.1179   -5.3113
    0.1414   -5.2964
    0.1650   -5.2789
    0.1886   -5.2586
    0.2121   -5.2358
    0.2357   -5.2103
    0.2593   -5.1823
    0.2828   -5.1517
    0.3064   -5.1185
    0.3300   -5.0829
    0.3536   -5.0449
    0.3771   -5.0046
    0.4007   -4.9622
    0.4243   -4.9177
    0.4478   -4.8715
    0.4714   -4.8239
    0.4900   -4.8210
    0.5087   -4.8073
    0.5273   -4.7944
    0.5459   -4.7832
    0.5646   -4.7751
    0.5832   -4.7714
    0.6018   -4.7731
    0.6205   -4.7805
    0.6391   -4.7932
    0.6577   -4.8097
    0.6764   -4.8283
    0.6950   -4.8472
    0.7136   -4.8534
    0.7323   -4.8444
    0.7509   -4.8338
    0.7695   -4.8218
    0.7882   -4.8082
    0.8068   -4.7932
    0.8254   -4.7768
    0.8441   -4.7960
    0.8691   -4.8131
    0.8941   -4.8652
    0.9191   -4.9151
    0.9441   -4.9628
    0.9691   -5.0080
    0.9941   -5.0506
    1.0191   -5.0905
    1.0441   -5.1277
    1.0691   -5.1621
    1.0941   -5.1936
    1.1191   -5.2222
    1.1441   -5.2479
    1.1691   -5.2706
    1.1941   -5.2903
    1.2191   -5.3070
    1.2441   -5.3207
    1.2691   -5.3314
    1.2941   -5.3390
    1.3191   -5.3436
    1.3441   -5.3451
 
    0.0000   -5.1279
    0.0236   -5.1232
    0.0471   -5.1094
    0.0707   -5.0867
    0.0943   -5.0553
    0.1179   -5.0157
    0.1414   -4.9686
    0.1650   -4.9146
    0.1886   -4.8547
    0.2121   -4.7898
    0.2357   -4.7212
    0.2593   -4.6504
    0.2828   -4.5794
    0.3064   -4.5107
    0.3300   -4.4483
    0.3536   -4.3988
    0.3771   -4.3744
    0.4007   -4.3883
    0.4243   -4.4392
    0.4478   -4.5136
    0.4714   -4.6000
    0.4900   -4.5635
    0.5087   -4.5293
    0.5273   -4.4969
    0.5459   -4.4662
    0.5646   -4.4380
    0.5832   -4.4170
    0.6018   -4.4157
    0.6205   -4.4324
    0.6391   -4.4540
    0.6577   -4.4761
    0.6764   -4.4984
    0.6950   -4.5217
    0.7136   -4.5467
    0.7323   -4.5742
    0.7509   -4.6046
    0.7695   -4.6380
    0.7882   -4.6742
    0.8068   -4.7130
    0.8254   -4.7539
    0.8441   -4.7592
    0.8691   -4.6720
    0.8941   -4.5562
    0.9191   -4.4519
    0.9441   -4.3626
    0.9691   -4.2922
    0.9941   -4.2586
    1.0191   -4.3460
    1.0441   -4.4383
    1.0691   -4.5321
    1.0941   -4.6245
    1.1191   -4.7132
    1.1441   -4.7963
    1.1691   -4.8720
    1.1941   -4.9392
    1.2191   -4.9967
    1.2441   -5.0440
    1.2691   -5.0808
    1.2941   -5.1070
    1.3191   -5.1226
    1.3441   -5.1279
 
    0.0000   -5.1279
    0.0236   -5.1010
    0.0471   -5.0359
    0.0707   -4.9530
    0.0943   -4.8623
    0.1179   -4.7683
    0.1414   -4.6739
    0.1650   -4.5808
    0.1886   -4.4911
    0.2121   -4.4066
    0.2357   -4.3297
    0.2593   -4.2631
    0.2828   -4.2103
    0.3064   -4.1745
    0.3300   -4.1577
    0.3536   -4.1574
    0.3771   -4.1638
    0.4007   -4.1631
    0.4243   -4.1546
    0.4478   -4.1469
    0.4714   -4.1434
    0.4900   -4.1763
    0.5087   -4.2103
    0.5273   -4.2447
    0.5459   -4.2785
    0.5646   -4.3093
    0.5832   -4.3308
    0.6018   -4.3295
    0.6205   -4.3066
    0.6391   -4.2756
    0.6577   -4.2421
    0.6764   -4.2081
    0.6950   -4.1746
    0.7136   -4.1424
    0.7323   -4.1121
    0.7509   -4.0839
    0.7695   -4.0582
    0.7882   -4.0437
    0.8068   -4.0467
    0.8254   -4.0555
    0.8441   -4.0715
    0.8691   -4.0144
    0.8941   -4.0393
    0.9191   -4.0704
    0.9441   -4.1167
    0.9691   -4.1805
    0.9941   -4.2450
    1.0191   -4.2239
    1.0441   -4.2299
    1.0691   -4.2609
    1.0941   -4.3127
    1.1191   -4.3808
    1.1441   -4.4610
    1.1691   -4.5498
    1.1941   -4.6444
    1.2191   -4.7422
    1.2441   -4.8409
    1.2691   -4.9374
    1.2941   -5.0267
    1.3191   -5.0979
    1.3441   -5.1279
 
    0.0000   -2.9773
    0.0236   -2.9798
    0.0471   -2.9872
    0.0707   -2.9995
    0.0943   -3.0169
    0.1179   -3.0392
    0.1414   -3.0666
    0.1650   -3.1131
    0.1886   -3.1903
    0.2121   -3.2695
    0.2357   -3.3497
    0.2593   -3.4303
    0.2828   -3.5108
    0.3064   -3.5906
    0.3300   -3.6694
    0.3536   -3.7469
    0.3771   -3.8228
    0.4007   -3.8968
    0.4243   -3.9686
    0.4478   -4.0380
    0.4714   -4.1043
    0.4900   -4.1052
    0.5087   -4.1057
    0.5273   -4.1057
    0.5459   -4.1049
    0.5646   -4.1034
    0.5832   -4.1010
    0.6018   -4.0976
    0.6205   -4.0934
    0.6391   -4.0884
    0.6577   -4.0825
    0.6764   -4.0760
    0.6950   -4.0691
    0.7136   -4.0620
    0.7323   -4.0552
    0.7509   -4.0493
    0.7695   -4.0451
    0.7882   -4.0353
    0.8068   -4.0153
    0.8254   -3.9985
    0.8441   -3.9853
    0.8691   -4.0111
    0.8941   -3.9481
    0.9191   -3.8827
    0.9441   -3.8149
    0.9691   -3.7449
    0.9941   -3.6728
    1.0191   -3.5987
    1.0441   -3.5230
    1.0691   -3.4460
    1.0941   -3.3679
    1.1191   -3.2892
    1.1441   -3.2106
    1.1691   -3.1330
    1.1941   -3.0753
    1.2191   -3.0458
    1.2441   -3.0213
    1.2691   -3.0021
    1.2941   -2.9884
    1.3191   -2.9801
    1.3441   -2.9773
 
    0.0000   -2.9773
    0.0236   -2.9791
    0.0471   -2.9843
    0.0707   -2.9931
    0.0943   -3.0053
    0.1179   -3.0210
    0.1414   -3.0401
    0.1650   -3.0988
    0.1886   -3.1354
    0.2121   -3.1757
    0.2357   -3.2187
    0.2593   -3.2625
    0.2828   -3.3053
    0.3064   -3.3447
    0.3300   -3.3792
    0.3536   -3.4073
    0.3771   -3.4275
    0.4007   -3.4373
    0.4243   -3.4341
    0.4478   -3.4166
    0.4714   -3.4082
    0.4900   -3.3952
    0.5087   -3.3983
    0.5273   -3.3966
    0.5459   -3.3914
    0.5646   -3.3851
    0.5832   -3.3805
    0.6018   -3.3804
    0.6205   -3.3851
    0.6391   -3.3927
    0.6577   -3.4004
    0.6764   -3.4062
    0.6950   -3.4085
    0.7136   -3.4065
    0.7323   -3.4440
    0.7509   -3.4946
    0.7695   -3.5428
    0.7882   -3.5868
    0.8068   -3.6249
    0.8254   -3.6550
    0.8441   -3.6757
    0.8691   -3.6270
    0.8941   -3.5755
    0.9191   -3.5215
    0.9441   -3.4654
    0.9691   -3.4507
    0.9941   -3.4214
    1.0191   -3.3808
    1.0441   -3.3344
    1.0691   -3.2859
    1.0941   -3.2377
    1.1191   -3.1917
    1.1441   -3.1487
    1.1691   -3.1098
    1.1941   -3.0574
    1.2191   -3.0278
    1.2441   -3.0094
    1.2691   -2.9952
    1.2941   -2.9852
    1.3191   -2.9793
    1.3441   -2.9773
 
    0.0000   -2.7764
    0.0236   -2.7856
    0.0471   -2.8120
    0.0707   -2.8535
    0.0943   -2.9071
    0.1179   -2.9698
    0.1414   -3.0391
    0.1650   -3.0624
    0.1886   -3.0876
    0.2121   -3.1149
    0.2357   -3.1436
    0.2593   -3.1722
    0.2828   -3.1985
    0.3064   -3.2194
    0.3300   -3.2314
    0.3536   -3.2315
    0.3771   -3.2696
    0.4007   -3.3068
    0.4243   -3.3424
    0.4478   -3.3762
    0.4714   -3.3863
    0.4900   -3.3557
    0.5087   -3.3058
    0.5273   -3.2606
    0.5459   -3.2224
    0.5646   -3.1942
    0.5832   -3.2034
    0.6018   -3.2050
    0.6205   -3.1969
    0.6391   -3.2155
    0.6577   -3.2513
    0.6764   -3.2944
    0.6950   -3.3422
    0.7136   -3.3927
    0.7323   -3.3996
    0.7509   -3.3880
    0.7695   -3.3717
    0.7882   -3.3514
    0.8068   -3.3276
    0.8254   -3.3013
    0.8441   -3.2738
    0.8691   -3.3498
    0.8941   -3.4104
    0.9191   -3.4492
    0.9441   -3.4620
    0.9691   -3.4076
    0.9941   -3.3486
    1.0191   -3.2888
    1.0441   -3.2287
    1.0691   -3.1980
    1.0941   -3.1705
    1.1191   -3.1391
    1.1441   -3.1072
    1.1691   -3.0772
    1.1941   -3.0505
    1.2191   -2.9854
    1.2441   -2.9192
    1.2691   -2.8616
    1.2941   -2.8161
    1.3191   -2.7867
    1.3441   -2.7764
 
    0.0000   -2.7764
    0.0236   -2.7796
    0.0471   -2.7890
    0.0707   -2.8043
    0.0943   -2.8252
    0.1179   -2.8509
    0.1414   -2.8809
    0.1650   -2.9144
    0.1886   -2.9506
    0.2121   -2.9890
    0.2357   -3.0288
    0.2593   -3.0694
    0.2828   -3.1104
    0.3064   -3.1512
    0.3300   -3.1916
    0.3536   -3.2312
    0.3771   -3.2192
    0.4007   -3.1968
    0.4243   -3.1686
    0.4478   -3.1402
    0.4714   -3.1190
    0.4900   -3.1199
    0.5087   -3.1320
    0.5273   -3.1522
    0.5459   -3.1739
    0.5646   -3.1922
    0.5832   -3.1784
    0.6018   -3.1769
    0.6205   -3.1898
    0.6391   -3.1818
    0.6577   -3.1637
    0.6764   -3.1469
    0.6950   -3.1353
    0.7136   -3.1309
    0.7323   -3.1329
    0.7509   -3.1394
    0.7695   -3.1491
    0.7882   -3.1608
    0.8068   -3.1738
    0.8254   -3.1873
    0.8441   -3.2000
    0.8691   -3.1722
    0.8941   -3.1607
    0.9191   -3.1669
    0.9441   -3.1851
    0.9691   -3.2060
    0.9941   -3.2215
    1.0191   -3.2260
    1.0441   -3.2177
    1.0691   -3.1690
    1.0941   -3.1104
    1.1191   -3.0537
    1.1441   -3.0000
    1.1691   -2.9501
    1.1941   -2.9053
    1.2191   -2.8663
    1.2441   -2.8340
    1.2691   -2.8088
    1.2941   -2.7907
    1.3191   -2.7800
    1.3441   -2.7764
 
    0.0000   -2.4602
    0.0236   -2.4629
    0.0471   -2.4708
    0.0707   -2.4837
    0.0943   -2.5012
    0.1179   -2.5229
    0.1414   -2.5482
    0.1650   -2.5765
    0.1886   -2.6071
    0.2121   -2.6395
    0.2357   -2.6733
    0.2593   -2.7081
    0.2828   -2.7436
    0.3064   -2.7798
    0.3300   -2.8165
    0.3536   -2.8535
    0.3771   -2.8905
    0.4007   -2.9271
    0.4243   -2.9620
    0.4478   -2.9931
    0.4714   -3.0150
    0.4900   -3.0364
    0.5087   -3.0470
    0.5273   -3.0492
    0.5459   -3.0478
    0.5646   -3.0456
    0.5832   -3.0437
    0.6018   -3.0423
    0.6205   -3.0413
    0.6391   -3.0400
    0.6577   -3.0372
    0.6764   -3.0311
    0.6950   -3.0192
    0.7136   -3.0007
    0.7323   -2.9775
    0.7509   -2.9518
    0.7695   -2.9258
    0.7882   -2.9011
    0.8068   -2.8789
    0.8254   -2.8603
    0.8441   -2.8466
    0.8691   -2.8750
    0.8941   -2.8904
    0.9191   -2.8889
    0.9441   -2.8732
    0.9691   -2.8486
    0.9941   -2.8194
    1.0191   -2.7879
    1.0441   -2.7552
    1.0691   -2.7218
    1.0941   -2.6879
    1.1191   -2.6541
    1.1441   -2.6206
    1.1691   -2.5882
    1.1941   -2.5578
    1.2191   -2.5301
    1.2441   -2.5061
    1.2691   -2.4865
    1.2941   -2.4721
    1.3191   -2.4632
    1.3441   -2.4602
 
    0.0000   -1.9138
    0.0236   -1.9186
    0.0471   -1.9319
    0.0707   -1.9509
    0.0943   -1.9728
    0.1179   -1.9954
    0.1414   -2.0172
    0.1650   -2.0372
    0.1886   -2.0547
    0.2121   -2.0696
    0.2357   -2.0816
    0.2593   -2.0908
    0.2828   -2.0971
    0.3064   -2.1007
    0.3300   -2.1016
    0.3536   -2.0999
    0.3771   -2.0956
    0.4007   -2.0888
    0.4243   -2.0987
    0.4478   -2.1612
    0.4714   -2.2211
    0.4900   -2.2124
    0.5087   -2.2044
    0.5273   -2.2350
    0.5459   -2.2794
    0.5646   -2.3116
    0.5832   -2.3288
    0.6018   -2.3292
    0.6205   -2.3129
    0.6391   -2.2814
    0.6577   -2.2373
    0.6764   -2.1836
    0.6950   -2.1807
    0.7136   -2.1839
    0.7323   -2.1878
    0.7509   -2.1924
    0.7695   -2.1974
    0.7882   -2.2026
    0.8068   -2.2078
    0.8254   -2.2134
    0.8441   -2.2244
    0.8691   -2.1653
    0.8941   -2.1051
    0.9191   -2.0444
    0.9441   -1.9836
    0.9691   -1.9229
    0.9941   -1.9078
    1.0191   -1.9374
    1.0441   -1.9628
    1.0691   -1.9837
    1.0941   -1.9997
    1.1191   -2.0103
    1.1441   -2.0150
    1.1691   -2.0136
    1.1941   -2.0059
    1.2191   -1.9924
    1.2441   -1.9742
    1.2691   -1.9535
    1.2941   -1.9338
    1.3191   -1.9192
    1.3441   -1.9138
 
    0.0000   -1.7999
    0.0236   -1.7929
    0.0471   -1.7730
    0.0707   -1.7426
    0.0943   -1.7046
    0.1179   -1.6613
    0.1414   -1.6145
    0.1650   -1.5654
    0.1886   -1.5279
    0.2121   -1.5719
    0.2357   -1.6199
    0.2593   -1.6716
    0.2828   -1.7267
    0.3064   -1.7846
    0.3300   -1.8450
    0.3536   -1.9072
    0.3771   -1.9707
    0.4007   -2.0348
    0.4243   -2.0796
    0.4478   -2.0681
    0.4714   -2.0542
    0.4900   -2.1201
    0.5087   -2.1810
    0.5273   -2.1974
    0.5459   -2.1914
    0.5646   -2.1863
    0.5832   -2.1823
    0.6018   -2.1794
    0.6205   -2.1775
    0.6391   -2.1768
    0.6577   -2.1771
    0.6764   -2.1784
    0.6950   -2.1228
    0.7136   -2.0573
    0.7323   -1.9895
    0.7509   -2.0214
    0.7695   -2.0559
    0.7882   -2.0925
    0.8068   -2.1302
    0.8254   -2.1675
    0.8441   -2.1980
    0.8691   -2.1357
    0.8941   -2.0738
    0.9191   -2.0125
    0.9441   -1.9521
    0.9691   -1.8926
    0.9941   -1.8630
    1.0191   -1.8041
    1.0441   -1.7468
    1.0691   -1.6916
    1.0941   -1.6390
    1.1191   -1.5894
    1.1441   -1.5479
    1.1691   -1.5833
    1.1941   -1.6205
    1.2191   -1.6596
    1.2441   -1.6995
    1.2691   -1.7376
    1.2941   -1.7700
    1.3191   -1.7921
    1.3441   -1.7999
 
    0.0000   -1.3542
    0.0236   -1.3570
    0.0471   -1.3655
    0.0707   -1.3794
    0.0943   -1.3989
    0.1179   -1.4236
    0.1414   -1.4536
    0.1650   -1.4884
    0.1886   -1.5147
    0.2121   -1.5438
    0.2357   -1.5823
    0.2593   -1.6225
    0.2828   -1.6638
    0.3064   -1.7058
    0.3300   -1.7479
    0.3536   -1.7897
    0.3771   -1.8307
    0.4007   -1.8706
    0.4243   -1.9089
    0.4478   -1.9454
    0.4714   -1.9798
    0.4900   -1.9513
    0.5087   -1.9269
    0.5273   -1.9068
    0.5459   -1.8913
    0.5646   -1.8804
    0.5832   -1.8743
    0.6018   -1.8729
    0.6205   -1.8763
    0.6391   -1.8845
    0.6577   -1.8971
    0.6764   -1.9142
    0.6950   -1.9355
    0.7136   -1.9607
    0.7323   -1.9890
    0.7509   -1.9198
    0.7695   -1.8520
    0.7882   -1.7883
    0.8068   -1.7325
    0.8254   -1.6894
    0.8441   -1.6638
    0.8691   -1.7106
    0.8941   -1.7555
    0.9191   -1.7980
    0.9441   -1.8378
    0.9691   -1.8745
    0.9941   -1.8344
    1.0191   -1.7778
    1.0441   -1.7231
    1.0691   -1.6707
    1.0941   -1.6209
    1.1191   -1.5742
    1.1441   -1.5433
    1.1691   -1.5013
    1.1941   -1.4638
    1.2191   -1.4313
    1.2441   -1.4040
    1.2691   -1.3824
    1.2941   -1.3668
    1.3191   -1.3574
    1.3441   -1.3542
 
    0.0000   -1.3542
    0.0236   -1.3568
    0.0471   -1.3646
    0.0707   -1.3775
    0.0943   -1.3952
    0.1179   -1.4174
    0.1414   -1.4438
    0.1650   -1.4740
    0.1886   -1.5075
    0.2121   -1.4627
    0.2357   -1.4096
    0.2593   -1.3553
    0.2828   -1.2999
    0.3064   -1.2433
    0.3300   -1.1856
    0.3536   -1.1268
    0.3771   -1.0671
    0.4007   -1.0066
    0.4243   -0.9455
    0.4478   -0.8840
    0.4714   -0.8227
    0.4900   -0.7733
    0.5087   -0.7234
    0.5273   -0.6740
    0.5459   -0.6267
    0.5646   -0.5849
    0.5832   -0.5572
    0.6018   -0.5589
    0.6205   -0.5915
    0.6391   -0.6398
    0.6577   -0.6945
    0.6764   -0.7516
    0.6950   -0.8094
    0.7136   -0.8665
    0.7323   -0.9219
    0.7509   -0.9742
    0.7695   -1.0219
    0.7882   -1.0625
    0.8068   -1.0927
    0.8254   -1.1080
    0.8441   -1.1038
    0.8691   -1.1476
    0.8941   -1.1898
    0.9191   -1.2306
    0.9441   -1.2699
    0.9691   -1.3078
    0.9941   -1.3443
    1.0191   -1.3796
    1.0441   -1.4139
    1.0691   -1.4475
    1.0941   -1.4806
    1.1191   -1.5139
    1.1441   -1.5309
    1.1691   -1.4915
    1.1941   -1.4564
    1.2191   -1.4260
    1.2441   -1.4006
    1.2691   -1.3805
    1.2941   -1.3659
    1.3191   -1.3572
    1.3441   -1.3542
 
    0.0000   -1.2650
    0.0236   -1.2600
    0.0471   -1.2448
    0.0707   -1.2198
    0.0943   -1.1853
    0.1179   -1.1417
    0.1414   -1.0899
    0.1650   -1.0306
    0.1886   -0.9650
    0.2121   -0.8942
    0.2357   -0.8191
    0.2593   -0.7412
    0.2828   -0.6615
    0.3064   -0.5814
    0.3300   -0.5027
    0.3536   -0.4274
    0.3771   -0.3581
    0.4007   -0.2981
    0.4243   -0.2512
    0.4478   -0.2212
    0.4714   -0.2108
    0.4900   -0.2242
    0.5087   -0.2470
    0.5273   -0.2778
    0.5459   -0.3142
    0.5646   -0.3515
    0.5832   -0.3801
    0.6018   -0.3841
    0.6205   -0.3618
    0.6391   -0.3282
    0.6577   -0.2930
    0.6764   -0.2607
    0.6950   -0.2337
    0.7136   -0.2135
    0.7323   -0.2009
    0.7509   -0.1958
    0.7695   -0.1976
    0.7882   -0.2051
    0.8068   -0.2172
    0.8254   -0.2328
    0.8441   -0.2511
    0.8691   -0.2024
    0.8941   -0.1744
    0.9191   -0.1690
    0.9441   -0.1857
    0.9691   -0.2223
    0.9941   -0.2756
    1.0191   -0.3418
    1.0441   -0.4390
    1.0691   -0.5548
    1.0941   -0.6664
    1.1191   -0.7727
    1.1441   -0.8722
    1.1691   -0.9633
    1.1941   -1.0442
    1.2191   -1.1133
    1.2441   -1.1694
    1.2691   -1.2122
    1.2941   -1.2419
    1.3191   -1.2593
    1.3441   -1.2650
 
    0.0000   -1.2650
    0.0236   -1.2545
    0.0471   -1.2239
    0.0707   -1.1760
    0.0943   -1.1141
    0.1179   -1.0412
    0.1414   -0.9599
    0.1650   -0.8720
    0.1886   -0.7792
    0.2121   -0.6828
    0.2357   -0.5841
    0.2593   -0.4841
    0.2828   -0.3838
    0.3064   -0.2841
    0.3300   -0.1858
    0.3536   -0.0895
    0.3771    0.0044
    0.4007    0.0959
    0.4243    0.1857
    0.4478    0.2744
    0.4714    0.3626
    0.4900    0.3378
    0.5087    0.3195
    0.5273    0.3068
    0.5459    0.2982
    0.5646    0.2924
    0.5832    0.2882
    0.6018    0.2850
    0.6205    0.2825
    0.6391    0.2813
    0.6577    0.2821
    0.6764    0.2861
    0.6950    0.2944
    0.7136    0.3082
    0.7323    0.3280
    0.7509    0.3535
    0.7695    0.3841
    0.7882    0.4185
    0.8068    0.4556
    0.8254    0.4942
    0.8441    0.5332
    0.8691    0.4147
    0.8941    0.2935
    0.9191    0.1707
    0.9441    0.0472
    0.9691   -0.0763
    0.9941   -0.1990
    1.0191   -0.3202
    1.0441   -0.4178
    1.0691   -0.5006
    1.0941   -0.5879
    1.1191   -0.6776
    1.1441   -0.7679
    1.1691   -0.8574
    1.1941   -0.9441
    1.2191   -1.0264
    1.2441   -1.1018
    1.2691   -1.1673
    1.2941   -1.2193
    1.3191   -1.2532
    1.3441   -1.2650
 
    0.0000    3.0955
    0.0236    3.0826
    0.0471    3.0449
    0.0707    2.9854
    0.0943    2.9081
    0.1179    2.8168
    0.1414    2.7150
    0.1650    2.6055
    0.1886    2.4906
    0.2121    2.3721
    0.2357    2.2516
    0.2593    2.1305
    0.2828    2.0101
    0.3064    1.8917
    0.3300    1.7765
    0.3536    1.6660
    0.3771    1.5617
    0.4007    1.4652
    0.4243    1.3777
    0.4478    1.3003
    0.4714    1.2330
    0.4900    1.2031
    0.5087    1.1783
    0.5273    1.1590
    0.5459    1.1455
    0.5646    1.1381
    0.5832    1.1369
    0.6018    1.1418
    0.6205    1.1526
    0.6391    1.1688
    0.6577    1.1900
    0.6764    1.2155
    0.6950    1.2449
    0.7136    1.2774
    0.7323    1.3124
    0.7509    1.3491
    0.7695    1.3864
    0.7882    1.4231
    0.8068    1.4569
    0.8254    1.4842
    0.8441    1.4993
    0.8691    1.4877
    0.8941    1.4953
    0.9191    1.5248
    0.9441    1.5760
    0.9691    1.6471
    0.9941    1.7349
    1.0191    1.8360
    1.0441    1.9470
    1.0691    2.0650
    1.0941    2.1874
    1.1191    2.3119
    1.1441    2.4364
    1.1691    2.5588
    1.1941    2.6766
    1.2191    2.7872
    1.2441    2.8871
    1.2691    2.9726
    1.2941    3.0387
    1.3191    3.0810
    1.3441    3.0955
 
    0.0000    3.0955
    0.0236    3.0897
    0.0471    3.0724
    0.0707    3.0445
    0.0943    3.0072
    0.1179    2.9617
    0.1414    2.9096
    0.1650    2.8521
    0.1886    2.7906
    0.2121    2.7262
    0.2357    2.6600
    0.2593    2.5930
    0.2828    2.5260
    0.3064    2.4601
    0.3300    2.3961
    0.3536    2.3351
    0.3771    2.2783
    0.4007    2.2269
    0.4243    2.1821
    0.4478    2.1452
    0.4714    2.1171
    0.4900    2.1498
    0.5087    2.1776
    0.5273    2.2002
    0.5459    2.2176
    0.5646    2.2296
    0.5832    2.2361
    0.6018    2.2372
    0.6205    2.2328
    0.6391    2.2229
    0.6577    2.2076
    0.6764    2.1871
    0.6950    2.1614
    0.7136    2.1309
    0.7323    2.0959
    0.7509    2.0570
    0.7695    2.0150
    0.7882    1.9712
    0.8068    1.9276
    0.8254    1.8880
    0.8441    1.8580
    0.8691    1.9282
    0.8941    2.0010
    0.9191    2.0756
    0.9441    2.1516
    0.9691    2.2284
    0.9941    2.3058
    1.0191    2.3833
    1.0441    2.4607
    1.0691    2.5373
    1.0941    2.6128
    1.1191    2.6865
    1.1441    2.7577
    1.1691    2.8255
    1.1941    2.8888
    1.2191    2.9464
    1.2441    2.9968
    1.2691    3.0384
    1.2941    3.0696
    1.3191    3.0890
    1.3441    3.0955
 
    0.0000    4.5090
    0.0236    4.5086
    0.0471    4.5047
    0.0707    4.4920
    0.0943    4.4673
    0.1179    4.4305
    0.1414    4.3826
    0.1650    4.3250
    0.1886    4.2588
    0.2121    4.1851
    0.2357    4.1047
    0.2593    4.0185
    0.2828    3.9274
    0.3064    3.8322
    0.3300    3.7336
    0.3536    3.6326
    0.3771    3.5301
    0.4007    3.4270
    0.4243    3.3245
    0.4478    3.2239
    0.4714    3.1270
    0.4900    3.1590
    0.5087    3.1871
    0.5273    3.2109
    0.5459    3.2302
    0.5646    3.2447
    0.5832    3.2542
    0.6018    3.2588
    0.6205    3.2583
    0.6391    3.2529
    0.6577    3.2426
    0.6764    3.2278
    0.6950    3.2087
    0.7136    3.1856
    0.7323    3.1590
    0.7509    3.1293
    0.7695    3.0969
    0.7882    3.0623
    0.8068    3.0262
    0.8254    2.9892
    0.8441    2.9519
    0.8691    3.0648
    0.8941    3.1795
    0.9191    3.2949
    0.9441    3.4100
    0.9691    3.5238
    0.9941    3.6357
    1.0191    3.7447
    1.0441    3.8502
    1.0691    3.9513
    1.0941    4.0472
    1.1191    4.1372
    1.1441    4.2201
    1.1691    4.2950
    1.1941    4.3607
    1.2191    4.4159
    1.2441    4.4589
    1.2691    4.4883
    1.2941    4.5037
    1.3191    4.5085
    1.3441    4.5090
 
    0.0000    4.7395
    0.0236    4.7451
    0.0471    4.7619
    0.0707    4.7891
    0.0943    4.8256
    0.1179    4.8699
    0.1414    4.9207
    0.1650    4.9764
    0.1886    5.0359
    0.2121    5.0894
    0.2357    5.1194
    0.2593    5.1525
    0.2828    5.1889
    0.3064    5.2283
    0.3300    5.2709
    0.3536    5.3166
    0.3771    5.3655
    0.4007    5.4175
    0.4243    5.4727
    0.4478    5.5309
    0.4714    5.5923
    0.4900    5.5776
    0.5087    5.5648
    0.5273    5.5540
    0.5459    5.5451
    0.5646    5.5382
    0.5832    5.5333
    0.6018    5.5304
    0.6205    5.5294
    0.6391    5.5304
    0.6577    5.5333
    0.6764    5.5382
    0.6950    5.5451
    0.7136    5.5540
    0.7323    5.5648
    0.7509    5.5775
    0.7695    5.5923
    0.7882    5.6090
    0.8068    5.6277
    0.8254    5.6483
    0.8441    5.6709
    0.8691    5.6019
    0.8941    5.5364
    0.9191    5.4744
    0.9441    5.4159
    0.9691    5.3610
    0.9941    5.3095
    1.0191    5.2616
    1.0441    5.2173
    1.0691    5.1764
    1.0941    5.1391
    1.1191    5.1054
    1.1441    5.0752
    1.1691    5.0205
    1.1941    4.9552
    1.2191    4.8954
    1.2441    4.8429
    1.2691    4.7994
    1.2941    4.7667
    1.3191    4.7460
    1.3441    4.7395
 
    0.0000    4.7395
    0.0236    4.7457
    0.0471    4.7659
    0.0707    4.8023
    0.0943    4.8546
    0.1179    4.9195
    0.1414    4.9929
    0.1650    5.0388
    0.1886    5.0625
    0.2121    5.0980
    0.2357    5.1617
    0.2593    5.2261
    0.2828    5.2902
    0.3064    5.3535
    0.3300    5.4151
    0.3536    5.4744
    0.3771    5.5309
    0.4007    5.5839
    0.4243    5.6330
    0.4478    5.6777
    0.4714    5.7177
    0.4900    5.7063
    0.5087    5.6959
    0.5273    5.6866
    0.5459    5.6787
    0.5646    5.6725
    0.5832    5.6682
    0.6018    5.6658
    0.6205    5.6655
    0.6391    5.6672
    0.6577    5.6711
    0.6764    5.6769
    0.6950    5.6846
    0.7136    5.6939
    0.7323    5.7046
    0.7509    5.7165
    0.7695    5.7293
    0.7882    5.7427
    0.8068    5.7565
    0.8254    5.7703
    0.8441    5.7835
    0.8691    5.7552
    0.8941    5.7199
    0.9191    5.6775
    0.9441    5.6283
    0.9691    5.5729
    0.9941    5.5121
    1.0191    5.4468
    1.0441    5.3780
    1.0691    5.3067
    1.0941    5.2341
    1.1191    5.1614
    1.1441    5.0897
    1.1691    5.0485
    1.1941    5.0079
    1.2191    4.9314
    1.2441    4.8627
    1.2691    4.8067
    1.2941    4.7674
    1.3191    4.7464
    1.3441    4.7395
 
    0.0000    4.9614
    0.0236    4.9630
    0.0471    4.9677
    0.0707    4.9756
    0.0943    4.9867
    0.1179    5.0009
    0.1414    5.0183
    0.1650    5.0713
    0.1886    5.1518
    0.2121    5.2322
    0.2357    5.3111
    0.2593    5.3870
    0.2828    5.4590
    0.3064    5.5262
    0.3300    5.5881
    0.3536    5.6441
    0.3771    5.6938
    0.4007    5.7369
    0.4243    5.7733
    0.4478    5.8029
    0.4714    5.8257
    0.4900    5.8307
    0.5087    5.8354
    0.5273    5.8395
    0.5459    5.8426
    0.5646    5.8444
    0.5832    5.8448
    0.6018    5.8437
    0.6205    5.8410
    0.6391    5.8369
    0.6577    5.8316
    0.6764    5.8254
    0.6950    5.8185
    0.7136    5.8114
    0.7323    5.8045
    0.7509    5.7981
    0.7695    5.7925
    0.7882    5.7881
    0.8068    5.7851
    0.8254    5.7837
    0.8441    5.7842
    0.8691    5.7637
    0.8941    5.7384
    0.9191    5.7078
    0.9441    5.6715
    0.9691    5.6291
    0.9941    5.5805
    1.0191    5.5255
    1.0441    5.4644
    1.0691    5.3974
    1.0941    5.3253
    1.1191    5.2488
    1.1441    5.1692
    1.1691    5.0881
    1.1941    5.0254
    1.2191    5.0058
    1.2441    4.9898
    1.2691    4.9774
    1.2941    4.9685
    1.3191    4.9632
    1.3441    4.9614
 
    0.0000    8.0411
    0.0236    8.0389
    0.0471    8.0323
    0.0707    8.0214
    0.0943    8.0063
    0.1179    7.9873
    0.1414    7.8832
    0.1650    7.7600
    0.1886    7.6386
    0.2121    7.5194
    0.2357    7.4026
    0.2593    7.2884
    0.2828    7.1770
    0.3064    7.0684
    0.3300    6.9627
    0.3536    6.8600
    0.3771    6.7602
    0.4007    6.6635
    0.4243    6.5699
    0.4478    6.4793
    0.4714    6.3919
    0.4900    6.3846
    0.5087    6.3792
    0.5273    6.3758
    0.5459    6.3743
    0.5646    6.3748
    0.5832    6.3772
    0.6018    6.3816
    0.6205    6.3878
    0.6391    6.3961
    0.6577    6.4062
    0.6764    6.4184
    0.6950    6.4324
    0.7136    6.4484
    0.7323    6.4663
    0.7509    6.4861
    0.7695    6.5078
    0.7882    6.5314
    0.8068    6.5566
    0.8254    6.5826
    0.8441    6.5959
    0.8691    6.6684
    0.8941    6.7444
    0.9191    6.8238
    0.9441    6.9066
    0.9691    6.9928
    0.9941    7.0824
    1.0191    7.1752
    1.0441    7.2714
    1.0691    7.3707
    1.0941    7.4731
    1.1191    7.5784
    1.1441    7.6866
    1.1691    7.7974
    1.1941    7.9104
    1.2191    7.9812
    1.2441    8.0022
    1.2691    8.0190
    1.2941    8.0312
    1.3191    8.0386
    1.3441    8.0411
 
    0.0000    8.0411
    0.0236    8.0425
    0.0471    8.0468
    0.0707    8.0540
    0.0943    8.0640
    0.1179    8.0076
    0.1414    7.9646
    0.1650    7.9385
    0.1886    7.9094
    0.2121    7.8669
    0.2357    7.7910
    0.2593    7.7177
    0.2828    7.6470
    0.3064    7.5790
    0.3300    7.5138
    0.3536    7.4516
    0.3771    7.3922
    0.4007    7.3359
    0.4243    7.2826
    0.4478    7.2323
    0.4714    7.1851
    0.4900    7.2777
    0.5087    7.3717
    0.5273    7.4666
    0.5459    7.5034
    0.5646    7.5004
    0.5832    7.4995
    0.6018    7.5007
    0.6205    7.5042
    0.6391    7.5096
    0.6577    7.4836
    0.6764    7.3902
    0.6950    7.2977
    0.7136    7.2066
    0.7323    7.1170
    0.7509    7.0291
    0.7695    6.9431
    0.7882    6.8590
    0.8068    6.7770
    0.8254    6.6981
    0.8441    6.6357
    0.8691    6.7081
    0.8941    6.7840
    0.9191    6.8635
    0.9441    6.9465
    0.9691    7.0329
    0.9941    7.1228
    1.0191    7.2161
    1.0441    7.3127
    1.0691    7.4127
    1.0941    7.5157
    1.1191    7.6219
    1.1441    7.7309
    1.1691    7.8426
    1.1941    7.9562
    1.2191    8.0251
    1.2441    8.0668
    1.2691    8.0556
    1.2941    8.0475
    1.3191    8.0427
    1.3441    8.0411
 
    0.0000    8.4898
    0.0236    8.4541
    0.0471    8.3656
    0.0707    8.2531
    0.0943    8.1317
    0.1179    8.0769
    0.1414    8.0926
    0.1650    8.0250
    0.1886    7.9450
    0.2121    7.8777
    0.2357    7.8439
    0.2593    7.8087
    0.2828    7.7725
    0.3064    7.7361
    0.3300    7.7000
    0.3536    7.6651
    0.3771    7.6321
    0.4007    7.6015
    0.4243    7.5742
    0.4478    7.5506
    0.4714    7.5313
    0.4900    7.5226
    0.5087    7.5148
    0.5273    7.5083
    0.5459    7.5614
    0.5646    7.6529
    0.5832    7.7278
    0.6018    7.7343
    0.6205    7.6656
    0.6391    7.5765
    0.6577    7.5167
    0.6764    7.5250
    0.6950    7.5343
    0.7136    7.5439
    0.7323    7.5533
    0.7509    7.5620
    0.7695    7.5696
    0.7882    7.5756
    0.8068    7.5798
    0.8254    7.5818
    0.8441    7.5816
    0.8691    7.5880
    0.8941    7.5992
    0.9191    7.6155
    0.9441    7.6366
    0.9691    7.6621
    0.9941    7.6913
    1.0191    7.7235
    1.0441    7.7576
    1.0691    7.7929
    1.0941    7.8284
    1.1191    7.8633
    1.1441    7.8967
    1.1691    7.9279
    1.1941    7.9563
    1.2191    8.0713
    1.2441    8.1405
    1.2691    8.2545
    1.2941    8.3623
    1.3191    8.4512
    1.3441    8.4898
 
